96.000 32154.271 0 64
384.000 63085.447 0 128
1536.000 69589.597 0 256
6144.000 76055.971 0 512
24576.000 78177.132 0 1024
98304.000 74984.390 0 2048
393216.000 78065.759 0 4096
1572864.000 76697.842 0 8192
96.000 57.659 1 64
384.000 64.701 1 128
1536.000 37.459 1 256
6144.000 37.893 1 512
24576.000 25.894 1 1024
98304.000 14.622 1 2048
96.000 1496.445 2 64
384.000 10955.599 2 128
1536.000 66892.696 2 256
6144.000 155692.767 2 512
24576.000 372267.468 2 1024
98304.000 626532.200 2 2048
393216.000 922783.285 2 4096
1572864.000 1087782.538 2 8192
96.000 1507.807 3 64
384.000 10600.090 3 128
1536.000 52873.617 3 256
6144.000 104600.765 3 512
24576.000 278133.381 3 1024
98304.000 237821.317 3 2048
393216.000 392853.819 3 4096
1572864.000 491722.354 3 8192
96.000 1481.434 4 64
384.000 9941.331 4 128
1536.000 55536.631 4 256
6144.000 153188.116 4 512
24576.000 486366.949 4 1024
98304.000 741036.441 4 2048
393216.000 1199276.372 4 4096
1572864.000 2164543.938 4 8192
96.000 1729.377 5 64
384.000 11567.440 5 128
1536.000 70045.788 5 256
6144.000 167082.362 5 512
24576.000 450938.130 5 1024
98304.000 669426.354 5 2048
393216.000 1077094.545 5 4096
1572864.000 1949939.647 5 8192
96.000 261.316 6 64
384.000 2079.038 6 128
1536.000 15713.229 6 256
6144.000 76856.017 6 512
24576.000 325738.678 6 1024
98304.000 955255.596 6 2048
393216.000 2362160.945 6 4096
1572864.000 4445730.017 6 8192
