96.000 1410.947 0
384.000 10184.903 0
1536.000 58074.193 0
6144.000 142843.642 0
24576.000 366523.715 0
98304.000 674604.530 0
393216.000 1030172.154 0
1572864.000 1240656.715 0
96.000 1481.434 1
384.000 9941.331 1
1536.000 55536.631 1
6144.000 153188.116 1
24576.000 486366.949 1
98304.000 741036.441 1
393216.000 1199276.372 1
1572864.000 2164543.938 1
96.000 1304.829 2
384.000 7673.643 2
1536.000 42342.345 2
6144.000 105135.396 2
24576.000 321587.530 2
98304.000 646477.581 2
393216.000 1020185.522 2
1572864.000 1219306.574 2
96.000 1406.330 3
384.000 9019.122 3
1536.000 49406.825 3
6144.000 106120.446 3
24576.000 314490.284 3
98304.000 540068.635 3
393216.000 779452.396 3
1572864.000 888884.586 3
96.000 1358.520 4
384.000 8335.665 4
1536.000 44752.628 4
6144.000 134223.380 4
24576.000 369780.387 4
98304.000 734321.198 4
393216.000 1252387.249 4
1572864.000 1575623.008 4
96.000 1099.607 5
384.000 6121.323 5
1536.000 30894.542 5
6144.000 101123.699 5
24576.000 328800.979 5
98304.000 600472.833 5
393216.000 970555.347 5
1572864.000 1162583.432 5
96.000 1101.132 6
384.000 5212.743 6
1536.000 25011.395 6
6144.000 93208.513 6
24576.000 402628.760 6
98304.000 516974.368 6
393216.000 755937.582 6
1572864.000 1330787.016 6
96.000 1244.200 7
384.000 7016.283 7
1536.000 26371.687 7
6144.000 91653.556 7
24576.000 311051.183 7
98304.000 357663.737 7
393216.000 585797.401 7
1572864.000 908394.110 7
96.000 1152.850 8
384.000 5671.154 8
1536.000 22941.385 8
6144.000 78471.411 8
24576.000 268212.242 8
98304.000 450057.866 8
393216.000 699311.854 8
1572864.000 809934.476 8
