
0.000000 -th layer
20.000000 0.000000 0.000000 0.000000 0.000000 
20.000000 20.000000 20.000000 20.000000 20.000000 
20.000000 20.000000 20.000000 20.000000 20.000000 
20.000000 20.000000 20.000000 20.000000 20.000000 
20.000000 20.000000 20.000000 20.000000 20.000000 
20.000000 -th layer
20.000000 0.000000 0.000000 0.000000 0.000000 
20.000000 12.457114 11.014891 12.457114 20.000000 
20.000000 15.947840 14.908901 15.947840 20.000000 
20.000000 17.561398 16.968479 17.561398 20.000000 
20.000000 20.000000 20.000000 20.000000 20.000000 
20.000000 -th layer
20.000000 0.000000 0.000000 0.000000 0.000000 
20.000000 11.014891 9.178649 11.014891 20.000000 
20.000000 14.908901 13.548296 14.908901 20.000000 
20.000000 16.968479 16.187216 16.968479 20.000000 
20.000000 20.000000 20.000000 20.000000 20.000000 
20.000000 -th layer
20.000000 0.000000 0.000000 0.000000 0.000000 
20.000000 12.457114 11.014891 12.457114 20.000000 
20.000000 15.947840 14.908901 15.947840 20.000000 
20.000000 17.561398 16.968479 17.561398 20.000000 
20.000000 20.000000 20.000000 20.000000 20.000000 
20.000000 -th layer
20.000000 0.000000 0.000000 0.000000 0.000000 
20.000000 20.000000 20.000000 20.000000 20.000000 
20.000000 20.000000 20.000000 20.000000 20.000000 
20.000000 20.000000 20.000000 20.000000 20.000000 
20.000000 20.000000 20.000000 20.000000 20.000000
------------------------------------------------
 

0.000000 -th layer
20.000000 0.000000 0.000000 0.000000 0.000000 
20.000000 20.000000 20.000000 20.000000 20.000000 
20.000000 20.000000 20.000000 20.000000 20.000000 
20.000000 20.000000 20.000000 20.000000 20.000000 
20.000000 20.000000 20.000000 20.000000 20.000000 
20.000000 -th layer
20.000000 0.000000 0.000000 0.000000 0.000000 
20.000000 0.000000 0.000000 0.000000 20.000000 
20.000000 0.000000 0.000000 0.000000 20.000000 
20.000000 0.000000 0.000000 0.000000 20.000000 
20.000000 20.000000 20.000000 20.000000 20.000000 
20.000000 -th layer
20.000000 0.000000 0.000000 0.000000 0.000000 
20.000000 0.000000 0.000000 0.000000 20.000000 
20.000000 0.000000 0.000000 0.000000 20.000000 
20.000000 0.000000 0.000000 0.000000 20.000000 
20.000000 20.000000 20.000000 20.000000 20.000000 
20.000000 -th layer
20.000000 0.000000 0.000000 0.000000 0.000000 
20.000000 0.000000 0.000000 0.000000 20.000000 
20.000000 0.000000 0.000000 0.000000 20.000000 
20.000000 0.000000 0.000000 0.000000 20.000000 
20.000000 20.000000 20.000000 20.000000 20.000000 
20.000000 -th layer
20.000000 0.000000 0.000000 0.000000 0.000000 
20.000000 20.000000 20.000000 20.000000 20.000000 
20.000000 20.000000 20.000000 20.000000 20.000000 
20.000000 20.000000 20.000000 20.000000 20.000000 
20.000000 20.000000 20.000000 20.000000 20.000000 
0.000000 -th layer
20.000000 0.000000 0.000000 0.000000 0.000000 
20.000000 20.000000 20.000000 20.000000 20.000000 
20.000000 20.000000 20.000000 20.000000 20.000000 
20.000000 20.000000 20.000000 20.000000 20.000000 
20.000000 20.000000 20.000000 20.000000 20.000000 
------------------------------------------------


0 -th layer
20.000000 0.000000 0.000000 0.000000 0.000000 
20.000000 20.000000 20.000000 20.000000 20.000000 
20.000000 20.000000 20.000000 20.000000 20.000000 
20.000000 20.000000 20.000000 20.000000 20.000000 
20.000000 20.000000 20.000000 20.000000 20.000000 
1 -th layer
20.000000 0.000000 0.000000 0.000000 0.000000 
20.000000 13.799620 12.585557 13.799620 20.000000 
20.000000 17.856923 17.190564 17.856923 20.000000 
20.000000 19.273294 19.010644 19.273294 20.000000 
20.000000 20.000000 20.000000 20.000000 20.000000 
2 -th layer
20.000000 0.000000 0.000000 0.000000 0.000000 
20.000000 12.585557 11.030617 12.585557 20.000000 
20.000000 17.190564 16.302086 17.190564 20.000000 
20.000000 19.010644 18.644632 19.010644 20.000000 
20.000000 20.000000 20.000000 20.000000 20.000000 
3 -th layer
20.000000 0.000000 0.000000 0.000000 0.000000 
20.000000 13.799620 12.585557 13.799620 20.000000 
20.000000 17.856923 17.190564 17.856923 20.000000 
20.000000 19.273294 19.010644 19.273294 20.000000 
20.000000 20.000000 20.000000 20.000000 20.000000 
4 -th layer
20.000000 0.000000 0.000000 0.000000 0.000000 
20.000000 20.000000 20.000000 20.000000 20.000000 
20.000000 20.000000 20.000000 20.000000 20.000000 
20.000000 20.000000 20.000000 20.000000 20.000000 
20.000000 20.000000 20.000000 20.000000 20.000000
-------------------------------------------------
 

0 -th layer
20.000000 0.000000 0.000000 0.000000 0.000000 
20.000000 20.000000 20.000000 20.000000 20.000000 
20.000000 20.000000 20.000000 20.000000 20.000000 
20.000000 20.000000 20.000000 20.000000 20.000000 
20.000000 20.000000 20.000000 20.000000 20.000000 
1 -th layer
20.000000 0.000000 0.000000 0.000000 0.000000 
20.000000 13.799620 12.585557 13.799620 20.000000 
20.000000 17.856923 17.190564 17.856923 20.000000 
20.000000 19.273294 19.010644 19.273294 20.000000 
20.000000 20.000000 20.000000 20.000000 20.000000 
2 -th layer
20.000000 0.000000 0.000000 0.000000 0.000000 
20.000000 12.585557 11.030617 12.585557 20.000000 
20.000000 17.190564 16.302086 17.190564 20.000000 
20.000000 19.010644 18.644632 19.010644 20.000000 
20.000000 20.000000 20.000000 20.000000 20.000000 
3 -th layer
20.000000 0.000000 0.000000 0.000000 0.000000 
20.000000 13.799620 12.585557 13.799620 20.000000 
20.000000 17.856923 17.190564 17.856923 20.000000 
20.000000 19.273294 19.010644 19.273294 20.000000 
20.000000 20.000000 20.000000 20.000000 20.000000 
4 -th layer
20.000000 0.000000 0.000000 0.000000 0.000000 
20.000000 20.000000 20.000000 20.000000 20.000000 
20.000000 20.000000 20.000000 20.000000 20.000000 
20.000000 20.000000 20.000000 20.000000 20.000000 
20.000000 20.000000 20.000000 20.000000 20.000000 